639.8899999999998
673.3400000000003
676.2999999999997
703.7
658.6600000000002
683.6599999999997
670.6300000000001
677.3300000000002
640.56
666.5200000000003
650.9599999999999
649.3600000000002
647.6599999999997
664.55
654.4700000000001
658.08
663.25
660.7699999999998
679.46
673.1100000000002
672.8600000000002
665.6800000000001
665.0100000000002
650.62
655.56
661.2800000000001
654.1
651.7799999999999
654.3499999999998
655.0300000000001
656.9899999999999
655.0499999999997
624.68
606.27
547.4700000000003
566.3599999999998
578.2899999999998
575.0400000000001
587.7800000000002
592.69
591.0500000000002
587.8
592.0999999999999
589.1200000000002
587.5599999999997
585.59
570.4700000000001
567.2399999999999
577.4399999999999
573.2200000000001
574.3199999999999
575.6300000000001
581.7000000000002
581.3100000000001
586.75
583.4100000000002
580.1799999999997
577.7599999999998
579.6500000000002
569.9499999999999
573.9099999999999
574.1100000000001
577.4999999999999
575.4699999999999
572.3000000000001
575.5400000000001
598.2099999999999
608.6299999999999
606.5900000000003
610.44
614.5399999999997
626.32
622.8599999999999
623.5100000000002
606.7199999999998
608.24
609.2400000000002
610.6800000000001
607.1499999999999
606.9699999999999
605.9800000000002
609.8700000000002
609.2299999999999
608.3099999999997
597.15
596.3000000000001
602.8400000000003
602.6300000000002
600.8300000000002
608.04
606.17
604.7300000000001
605.6899999999999
609.74
613.98
610.8900000000001
612.1299999999998
610.2000000000002
612.51
613.02
617.1200000000002
619.1100000000002
616.7499999999999
618.9899999999999
641.0699999999999
636.19
636.7899999999998
640.38
638.6500000000001
641.63
639.1899999999998
637.9600000000003
630.52
630.86
632.83
657.2900000000002
657.0699999999998
653.76
657.5899999999999
678.3000000000001
688.31
689.6499999999999
714.48
701.8600000000001
700.97
729.7899999999997
740.8299999999999
688.6999999999998
703.2400000000001
703.4200000000002
711.52
703.1299999999997
709.8499999999998
723.2699999999996
715.5300000000001
716.4099999999999
705.0500000000002
702.0299999999996
705.0200000000002
711.6200000000002
744.2
740.9799999999998
751.59
751.62
731.0300000000002
739.2500000000001
751.3500000000003
744.5899999999998
740.2900000000002
741.6500000000002
735.38
732.0300000000001
735.8099999999998
735.6000000000004
745.6899999999998
756.7700000000002
777.9399999999998
771.1499999999997
773.8700000000001
758.7000000000003
764.2199999999999
768.1300000000002
770.8100000000002
772.7899999999997
774.6499999999997
769.73
780.0899999999999
780.5599999999997
781.48
778.0900000000003
784.9099999999996
790.8300000000003
790.5300000000001
792.71
800.88
834.2799999999997
864.5400000000003
921.9800000000001
898.8200000000002
896.1799999999996
907.6100000000001
933.2
975.9200000000003
973.4999999999998
961.24
963.7400000000004
998.3299999999999
1021.7499999999995
1043.84
1154.7300000000005
1013.3800000000003
902.2000000000004
908.5899999999997
911.1999999999998
902.8299999999997
907.6800000000003
777.7599999999999
804.83
823.98
818.4100000000001
821.8000000000003
831.5300000000001
907.94
886.6199999999997
899.0699999999999
895.0300000000003
921.7899999999998
924.6700000000003
921.0100000000003
892.69
901.5399999999997
917.5899999999997
919.7500000000003
921.5900000000004
919.5000000000003
920.3800000000002
970.4000000000002
989.0200000000002
1011.7999999999996
1029.9100000000003
1042.9000000000003
1027.3400000000001
1038.15
1061.35
1063.07
994.3799999999995
988.6699999999998
1004.45
999.1800000000001
990.6399999999998
1004.5499999999998
1007.4799999999997
1027.4399999999996
1046.2100000000003
1054.4200000000005
1047.8699999999997
1079.9800000000002
1115.3
1117.4399999999998
1166.72
1173.6799999999996
1143.84
1165.1999999999996
1179.9700000000003
1179.9700000000003
1222.5000000000005
1251.0100000000002
1274.9900000000005
1255.1500000000003
1267.1199999999994
1272.83
1223.5400000000004
1150.0000000000005
1188.4899999999998
1116.7199999999998
1175.8299999999995
1221.3799999999997
1231.9200000000005
1240.0000000000005
1249.61
1187.8099999999995
1100.23
973.82
1036.7399999999996
1054.2300000000005
1120.5400000000002
1049.1400000000003
1038.5900000000001
937.5200000000003
972.7800000000003
966.7300000000004
1045.7699999999998
1047.1499999999999
1039.9700000000003
1026.4300000000003
1071.7900000000002
1080.5000000000005
1102.1700000000003
1143.8100000000002
1133.2500000000005
1124.78
1182.68
1176.9000000000003
1175.9499999999996
1187.8699999999997
1187.1299999999997
1205.01
1200.3700000000003
1169.2799999999995
1167.5399999999997
1172.5199999999995
1182.9399999999996
1193.9100000000005
1211.6700000000005
1210.29
1229.0799999999995
1222.0499999999997
1231.71
1207.2100000000003
1250.1500000000005
1265.4899999999998
1281.0800000000002
1317.7299999999998
1316.4800000000005
1321.7899999999995
1347.8899999999999
1421.5999999999997
1452.8200000000002
1490.0900000000004
1537.67
1555.4499999999998
1578.7999999999995
1596.7100000000003
1723.3499999999997
1755.3600000000004
1787.13
1848.5699999999993
1724.2400000000007
1804.9099999999994
1808.9100000000005
1738.4300000000003
1734.4500000000007
1839.0899999999995
1888.6500000000003
1987.7099999999998
2084.7299999999996
2041.2000000000005
2173.400000000001
2320.4199999999996
2443.64
2304.9799999999996
2202.42
2038.8699999999997
2155.800000000001
2255.6100000000006
2175.469999999999
2286.41
2407.88
2488.5499999999993
2515.349999999999
2511.8100000000004
2686.809999999999
2863.2000000000003
2732.1600000000008
2805.6199999999985
2823.810000000001
2947.7100000000005
2958.1100000000015
2659.6299999999997
2717.0199999999995
2506.369999999999
2464.5799999999995
2518.5599999999995
2655.879999999999
2548.29
2589.600000000001
2721.7899999999995
2689.099999999999
2705.4099999999994
2744.9100000000003
2608.7199999999993
2589.4099999999994
2478.4499999999994
2552.45
2574.7900000000004
2539.3199999999997
2480.8400000000006
2434.55
2506.469999999999
2564.0600000000004
2601.639999999999
2601.9900000000007
2608.5599999999995
2518.659999999999
2571.3399999999997
2518.44
2372.5600000000004
2337.7899999999995
2398.840000000001
2357.900000000001
2233.3399999999992
1998.8599999999994
1929.8199999999995
2228.4099999999994
2318.880000000001
2273.4300000000003
2817.5999999999995
2667.7600000000007
2810.120000000001
2730.4000000000005
2754.860000000001
2576.479999999999
2529.449999999999
2671.78
2809.0100000000007
2726.449999999999
2757.179999999999
2875.3399999999992
2718.2600000000007
2710.6700000000005
2804.73
2895.889999999999
3252.909999999997
3213.940000000003
3378.9399999999982
3419.9399999999973
3342.469999999997
3381.280000000001
3650.6200000000013
3884.71
4073.259999999997
4325.13
4181.9299999999985
4376.630000000002
4331.690000000001
4160.619999999999
4193.699999999997
4087.6599999999985
4001.740000000001
4100.5199999999995
4151.52
4334.679999999998
4371.600000000001
4352.399999999998
4382.879999999998
4382.660000000001
4579.020000000004
4565.299999999997
4703.389999999998
4892.010000000001
4578.770000000004
4582.96
4236.310000000001
4376.529999999998
4597.120000000001
4599.880000000003
4228.75
4226.060000000002
4122.939999999998
4161.270000000002
4130.809999999998
3882.5900000000024
3154.949999999997
3637.5200000000013
3625.040000000001
3582.8800000000024
4065.199999999998
3924.969999999997
3905.9500000000003
3631.0399999999977
3630.7000000000003
3792.3999999999996
3682.840000000002
3926.0699999999997
3892.3500000000004
4200.670000000001
4174.729999999999
4163.070000000002
4338.710000000002
4403.739999999999
4409.3200000000015
4317.479999999996
4229.3600000000015
4328.410000000002
4370.810000000003
4426.8899999999985
4610.48
4772.019999999997
4781.99
4826.480000000002
5446.909999999996
5647.210000000004
5831.7900000000045
5678.1900000000005
5725.59
5605.509999999996
5590.689999999999
5708.519999999996
6011.449999999999
6031.5999999999985
6008.4199999999955
5930.319999999996
5526.640000000003
5750.800000000005
5904.830000000004
5780.9
5753.090000000005
6153.849999999999
6130.529999999994
6468.400000000003
6767.310000000005
7078.500000000003
7207.760000000002
7379.950000000006
7407.409999999999
7022.759999999997
7144.3800000000065
