651.7938704560102
641.897470891809
674.3741354735881
672.4860504269507
705.3892874617487
659.6297438138947
687.9592369745084
676.0649721506845
676.7569994437882
643.2877331996046
665.1422469497122
653.0332609588222
646.8499610091278
649.369141126851
661.909925466303
655.9015758749931
657.3981520621599
665.0025202972513
661.1350238285362
681.4842093612259
672.6175425571843
674.1404970477735
668.4404577317181
666.3991607697282
652.9575942369913
655.8347970654169
661.4071329383232
652.67375557421
652.3873836326067
654.6291295550286
655.8208480521706
657.5770296282712
655.0792419189061
625.6933388175569
609.0326561683697
549.6214033508352
567.8209048084863
575.4957750113472
566.6199397185164
585.0079962611749
589.0385031131451
593.4903042126347
590.4209384349355
593.6104143977332
590.8835844980458
588.3728024846076
586.3268137705597
570.9829844043608
568.7297769796402
577.7747850068805
571.9073651382708
573.7360352266452
575.4177026023953
582.0371675147743
582.3758335960225
586.9890112090455
584.3942091704985
581.2939579217807
579.5226387647187
580.35371046415
570.5944223246709
574.2498623634939
574.3081930720011
577.0765133851581
575.8480727207401
572.2713696736594
576.9061688088805
598.4976920072253
607.8367992538683
606.2659638114224
612.7229714032836
617.3562441979709
629.2375988721152
624.053884414225
624.5102380622574
608.965833159472
610.407473263919
610.9223146821747
609.6107068643961
607.0068368064849
606.3633218930975
606.9507972438299
610.3850471912182
609.5852628051495
608.4894751387367
598.1227732525607
597.5357751015931
603.8170186540693
601.9057727283216
600.6238141931716
608.1081275893974
606.6809516222935
605.7974825682141
606.8322506128168
610.3369085104881
614.7885203966048
611.072465933456
613.0666647747679
611.4307095074124
613.5338146816205
613.8536156714648
617.2589801001992
619.6824138923484
617.2049593720715
620.2489583153214
641.8651582935994
635.9909570824266
637.6333519284661
642.698050421225
640.1163991844028
644.172856502402
639.5845801031347
638.8064266487504
631.7790428519722
631.6902282967825
633.5696420203483
656.7169903717693
655.9259259481435
653.607539297138
660.5146635236915
680.1800589477369
689.9066948248475
689.6682970726126
716.4628101070808
703.7457056366127
704.718852064275
733.6392434609443
740.452109817436
690.5610502058024
707.5048988917414
706.2190236298486
711.0933816838791
703.0390382832522
706.8195649127314
725.7268710890164
715.3287026828756
718.2776141063515
706.5807586118108
704.074192507837
706.931325436916
710.6078283743592
743.4898480331101
738.9604176856341
752.4807444911607
755.256464837959
733.9452789431812
744.7855866219691
752.107130588932
744.0603165308489
740.9362455746441
742.2201646792585
737.0575813312338
733.5807906991389
736.084672433178
735.4065075794571
745.885921190619
756.4704356992526
777.7089170643443
771.9774390266427
776.2132712754187
762.7985070192689
767.3560546677118
770.6525428985623
769.6555213968185
773.3330416616316
774.5205643172025
771.4205851862704
781.7454976185178
781.4202674452476
782.0577288681599
779.6590989413396
785.9812368611496
792.3933279014242
790.8194240477179
793.9574939797216
802.0809181576154
835.3755607520062
864.0468153619498
921.2729381420078
900.2660050648495
902.9766707957205
918.7717577695058
937.7925792091717
979.4977367471198
970.6056174350701
964.5694416103372
971.537744894896
1004.0504527171245
1024.0095837102153
1042.4885532450744
1155.8402588442273
1014.6316560821351
915.0745518887692
927.4708624312876
910.7475902401371
898.441275702236
893.3286346835097
770.5347330965486
812.5069962800545
824.8446294534768
807.9268429678433
818.1000422705147
822.4166500327557
911.3051799656791
885.2090959200608
900.6486191078623
902.5640342641065
926.6137846889962
931.6438918932142
919.9853222391366
897.1026380554002
905.4436230415216
920.7760879114294
917.6444991710057
921.0255403483073
919.5100497774062
923.4691155357605
972.8948175547891
987.2366816852184
1011.1768898197487
1033.4398986328636
1047.4980924015692
1035.819684390516
1044.6311123325765
1066.3897337070325
1064.232541209637
996.948414120798
994.4630378474142
1009.0646772103207
996.6423020686682
987.9744864292359
1000.8035010463711
1007.9177896671569
1028.684535961976
1046.2218283865411
1054.5160896385466
1051.6262559397867
1084.2813290973884
1118.425953524274
1118.228063042299
1170.363972952579
1176.4895330838872
1150.0669779031546
1175.6558658872775
1184.0817703039156
1183.245578102059
1224.1761568887284
1249.3588338068253
1277.4481530333762
1260.209954554428
1274.2958220199416
1281.7843479253625
1227.5758598728066
1156.3721257558843
1193.6880901672703
1115.2820229934707
1172.633362092884
1214.279041135122
1219.4325679738618
1244.8591731135825
1250.3519779472724
1198.2702632168948
1110.1337788699927
981.4732153485191
1042.6297319241135
1045.627092441213
1100.4814280313446
1038.1575571358092
1035.370675037766
951.6519058413841
978.6961386658096
970.0743164677846
1030.7098966458916
1041.3325869333814
1030.1395354890453
1037.4712602715776
1076.9427929650687
1087.6842628220477
1100.504807871749
1145.7851399308404
1133.5637083088488
1132.7068653856638
1189.7426201150784
1179.1972228692994
1179.6081451301268
1192.3686024992796
1189.4654156482607
1211.903738342605
1201.3067495649204
1171.208506405142
1173.1044260171411
1175.138337479746
1183.4051573529975
1192.6520773005439
1209.3883012573422
1211.528779604328
1232.029634614876
1225.6769500844002
1235.0073889643588
1211.6987004077787
1252.6564775564004
1267.7220905302281
1278.638904549893
1321.2276715725889
1316.6442983474365
1329.2775221769043
1354.4508718160312
1424.9590851931964
1454.5851474448368
1490.8259948412951
1544.9980066986934
1563.7155558254385
1592.0199251057147
1606.4487144700797
1732.0653292560219
1759.3640765708901
1790.0175378188524
1863.2639201616673
1734.624939870394
1829.8574236592672
1819.6617317472555
1736.8927757830322
1746.1374279835013
1833.841604226932
1889.1060442928524
1981.6026333652005
2081.6212717994317
2046.9977891553744
2200.2722538858125
2337.6202226479013
2451.7894104887446
2320.7668040636136
2223.1316627590218
2076.4322422556384
2179.4361234507624
2255.0255569887645
2141.758485810556
2281.499799726388
2402.5643999705685
2496.179939567059
2528.983590114845
2519.2205981499997
2716.9185986021057
2880.2708686509604
2735.044466399897
2830.0814839719787
2849.551446150996
2968.5258529696353
2974.270963748946
2655.260360941484
2752.0718146955296
2521.7945886567945
2468.396677578316
2518.952080425958
2618.789950021416
2537.5223851153946
2577.941568652968
2734.7711834995916
2690.787280612131
2720.3967134878612
2750.3634728992074
2619.4858696865954
2611.455930672019
2486.486133542284
2555.7474305372793
2573.306663796966
2520.224371484268
2484.6279990728926
2436.8041449215375
2519.0210405324237
2561.4053663048326
2591.6567513911755
2600.63415670731
2615.3245797611394
2535.1522077288705
2586.813140687011
2525.908707049567
2372.7441392995115
2349.156669555659
2397.537374062497
2351.689246160789
2224.8871697844793
1998.8997210363502
1941.8535517574883
2235.0746025293693
2278.350509903393
2234.7655779301112
2818.343650916921
2659.935180602944
2852.4222500105748
2778.242663719591
2772.711063044294
2636.0856728067088
2529.360580689446
2690.687809573745
2788.546664479586
2714.04484532501
2754.9470621399896
2890.87099927478
2730.9595811656523
2731.131364512612
2813.327401556035
2892.3685363572226
3253.910818969704
3192.2712913327973
3390.5175976787127
3459.4546757977582
3366.822919165092
3432.6077667856703
3661.264841062498
3889.9314299395483
4068.079277149784
4335.376240704715
4210.748660040264
4441.596191213946
4382.9402933533065
4186.633964106047
4237.44239352401
4089.647541033017
4017.157970130567
4104.441305015862
4136.248542078291
4331.31276294289
4364.515134245925
4356.379502081773
4414.505157020665
4404.502387809721
4603.924040317543
4570.229556808155
4709.321653822971
4911.276808913178
4586.924993787946
4627.185161462314
4263.5261904318795
4398.231150113376
4606.688509030198
4550.64262863446
4229.910359230312
4238.842842828829
4156.709156342047
4169.589113561243
4124.111852005702
3857.1087300857794
3167.0580624564445
3666.97978477482
3608.419785687147
3523.645460845177
4043.37349960622
3859.7076601023477
3963.9997893193927
3664.3148234777814
3657.874573119409
3836.003265802626
3658.1903996544916
3918.503439157609
3874.965756526258
4204.257075438438
4193.790582254357
4168.168861753566
4383.301165533797
4414.637520684306
4438.913152910092
4332.24456629369
4252.210467767472
4357.781781957732
4376.274554307263
4423.121496581952
4606.898628424508
4769.799084683619
4796.4822791678325
4849.514555573956
5472.6796773305405
5656.557635258788
5846.41225806616
5721.3694470333585
5788.059586777675
5692.62664460742
5622.939374863621
5731.081462419632
5997.908052652732
6027.559319212268
6011.886149189248
5963.917226609817
5567.935864808449
5800.935843285834
5907.219061592858
5759.493266644448
5755.315708994565
6147.325930191912
6147.22464974645
6480.5529203387
6773.628519449059
7090.092657857863
7265.184031406632
7417.735972667306
7479.950979517441
7084.658051628185
