-11.903870456010395
31.442529108191252
1.9258645264116012
31.213949573049376
-46.72928746174853
24.03025618610502
-17.329236974508262
1.2650278493156293
-36.196999443788286
23.232266800395678
-14.182246949712294
-3.6732609588219702
0.8100389908719308
15.180858873148964
-7.439925466302839
2.178424125006927
5.851847937840148
-4.23252029725154
18.324976171463845
-8.374209361225667
0.2424574428159758
-8.460497047773401
-3.4304577317178655
-15.77916076972815
2.602405763008619
5.445202934583222
-7.307132938323207
-0.893755574210104
1.9626163673931387
0.40087044497147417
1.1691519478292776
-2.527029628271521
-30.399241918906114
-19.423338817556896
-61.56265616836947
16.738596649164606
10.469095191513588
-0.4557750113471002
21.160060281483766
7.682003738825188
2.0114968868550704
-5.6903042126347145
1.679061565064444
-4.490414397732934
-3.3235844980461025
-2.7828024846076005
-15.856813770559597
-3.742984404360868
8.710223020359763
-4.5547850068803655
2.4126348617290887
1.8939647733549236
6.282297397604907
-0.7271675147742371
4.374166403977483
-3.5790112090453476
-4.214209170498748
-3.5339579217809387
0.12736123528145527
-10.403710464150095
3.3155776753289956
-0.13986236349376213
3.191806927998755
-1.6065133851582232
-3.5480727207400378
3.2686303263407126
21.303831191119457
10.1323079927746
-1.246799253868062
4.174036188577702
1.8170285967161135
8.96375580202914
-6.3775988721153
-0.543884414224749
-17.790238062257572
-0.7258331594720175
-1.1674732639187368
-0.24231468217465135
-2.4607068643962293
-0.03683680648498466
-0.383321893097218
2.919202756170307
-1.155047191218273
-1.2752628051497368
-11.339475138736702
-1.822773252560637
5.304224898407142
-1.1870186540691066
-1.0757727283214535
7.416185806828366
-1.9381275893974816
-1.9509516222933598
-0.1074825682142091
2.9077493871832303
3.643091489511903
-3.898520396604681
1.0575340665437807
-2.8666647747677416
1.0792904925875746
-0.513814681620488
3.2663843285354233
1.851019899801031
-2.9324138923485634
1.7850406279284243
20.821041684678562
-5.675158293599338
0.7990429175732743
2.746648071533855
-4.048050421224957
1.513600815597215
-4.982856502402228
-1.6245801031344627
-8.286426648750421
-0.9190428519722218
1.1397717032175478
23.720357979651908
0.35300962823055215
-2.1659259481434674
3.9824607028618857
17.785336476308544
8.129941052263007
-0.25669482484761375
24.811702927387387
-14.6028101070807
-2.7757056366126562
25.071147935724753
7.190756539055656
-51.752109817436235
12.678949794197706
-4.084898891741204
5.300976370151375
-7.963381683879447
6.810961716747556
16.45043508726826
-10.196871089016327
1.0812973171242675
-13.227614106351325
-4.550758611811148
0.945807492163226
4.6886745630841915
33.592171625640844
-2.509848033110302
12.629582314365962
-0.8607444911607445
-24.226464837958815
5.3047210568189485
6.56441337803119
-7.517130588932218
-3.7703165308487314
0.7137544253561146
-6.840164679258464
-5.027581331233705
2.22920930086093
-0.4846724331775931
10.283492420542757
10.884078809381208
21.469564300747265
-6.558917064344541
1.8925609733573765
-17.513271275418447
1.4214929807310455
0.7739453322884629
0.15745710143789893
3.1344786031812646
1.316958338368181
-4.790564317202438
8.669414813729531
-1.1854976185180703
0.05973255475237238
-3.967728868159611
5.25090105866002
4.8487631388507
-1.8633279014240998
1.89057595228212
6.922506020278433
32.19908184238432
29.164439247994096
57.93318463805031
-22.45293814200761
-4.086005064849928
4.633329204279676
14.42824223049422
38.12742079082864
-5.99773674712003
-9.365617435070135
-0.8294416103368576
26.79225510510389
17.699547282875074
19.83041628978458
112.24144675492607
-142.46025884422693
-112.43165608213474
-6.484551888769488
-16.27086243128781
-7.917590240137429
9.238724297764293
-115.5686346835098
34.29526690345142
11.473003719945496
-6.434629453476759
13.873157032156996
13.429957729485409
85.52334996724437
-24.68517996567948
13.860904079939132
-5.618619107861946
19.225965735893396
-1.9437846889959474
-10.6338918932139
-27.295322239136567
4.437361944599502
12.146376958478072
-1.0260879114290447
3.945500828994682
-1.525540348307004
0.8699502225940705
46.93088446423974
16.125182445211067
24.563318314781213
18.73311018025163
9.460101367136758
-20.158092401569093
2.3303156094841597
16.71888766742336
-3.319733707032583
-69.85254120963748
-8.278414120798175
9.986962152585875
-9.88467721032066
-6.002302068668428
16.575513570763974
6.676498953628538
19.522210332842747
17.52546403802421
8.198171613459408
-6.646089638546982
28.353744060213558
31.018670902611575
-0.9859535242742368
48.491936957701
3.3160270474206754
-32.64953308388726
15.133022096845025
4.314134112722741
-4.111770303915364
39.254421897941484
26.83384311127179
25.631166193175204
-22.29815303337591
6.910045445571541
-1.4658220199416974
-58.244347925362035
-77.57585987280618
32.117874244115455
-76.96809016727047
60.547977006528754
48.746637907115655
17.640958864878485
20.567432026138704
4.7508268864173715
-62.541977947272926
-98.0402632168948
-136.3137788699927
55.26678465148041
11.600268075887016
74.91290755878708
-51.34142803134432
0.432442864190989
-97.85067503776565
21.12809415861625
-11.96613866580924
75.69568353221518
16.44010335410826
-1.3625869333811806
-3.709535489045038
34.31873972842254
3.5572070349317073
14.485737177952615
43.305192128251065
-12.535139930839932
-8.783708308848873
49.97313461433623
-12.842620115078034
-3.247222869299776
8.261854869872877
-5.238602499279978
15.544584351739331
-11.533738342604693
-32.02674956492092
-3.6685064051423524
-0.5844260171415954
7.801662520253558
10.504842647002988
19.017922699456676
0.9016987426577998
17.551220395671407
-9.979634614876204
6.033049915599804
-27.79738896435856
38.45129959222186
12.83352244359935
13.35790946977204
39.09109545010688
-4.747671572588388
5.145701652563048
18.61247782309556
67.14912818396851
27.86091480680375
35.50485255516355
46.84400515870493
10.451993301306402
15.084444174560986
4.690074894285544
116.90128552991996
23.294670743978486
27.76592342910999
58.55246218114689
-139.02392016166664
70.28506012960543
-20.947423659266633
-81.23173174725525
-2.442775783031493
92.95257201649815
54.80839577306824
98.6039557071474
103.12736663479905
-40.421271799431224
126.40221084462655
120.14774611418716
106.01977735209857
-146.80941048874502
-118.34680406361349
-184.2616627590221
79.36775774436273
76.17387654923823
-79.5555569887656
144.6515141894438
126.38020027361199
85.98560002943077
19.170060432939863
-17.1735901148445
167.58940184999938
146.28140139789457
-148.11086865095967
70.57553360010161
-6.2714839719778865
98.15855384900442
-10.415852969633761
-314.64096374894643
61.759639058515404
-245.70181469553063
-57.21458865679506
50.16332242168346
136.92791957404143
-70.49995002141623
52.07761488460619
143.8484313470317
-45.671183499592644
14.622719387868528
24.513286512139075
-141.64347289920806
-30.07586968659598
-133.00593067201953
65.963866457716
19.042569462721076
-33.98666379696624
-39.384371484267376
-50.07799907289245
69.66585507846139
45.03895946757666
40.234633695166394
10.333248608825215
7.925843292689478
-96.66457976114043
36.18779227112918
-68.37314068701107
-153.34870704956666
-34.95413929951201
49.68333044434212
-39.63737406249584
-118.34924616078979
-226.02716978447984
-69.07972103635075
286.5564482425111
83.80539747063176
-4.920509903392485
582.8344220698882
-150.5836509169203
150.1848193970568
-122.02225001057423
-23.3826637195898
-196.23106304429484
-106.63567280670986
142.41941931055408
118.32219042625547
-62.09666447958716
43.135154674988826
120.39293786000962
-172.61099927477926
-20.289581165651725
73.59863548738804
82.5625984439639
360.5414636427745
-39.97081896970121
186.66870866720092
29.422402321284608
-116.98467579776116
14.457080834908993
218.012233214331
223.44515893750213
183.32857006044878
257.05072285021606
-153.44624070471673
165.8813399597375
-109.90619121394502
-222.32029335330753
7.066035893950357
-149.7823935240117
-87.90754103301606
83.36202986943272
47.078694984138565
198.43145792170617
40.28723705711127
-12.115134245927038
26.500497918224937
-31.845157020664374
174.51761219028322
-38.62404031754522
133.1604431918422
182.68834617703033
-332.5068089131737
-3.9649937879457866
-390.87516146231246
113.00380956811841
198.88884988662448
-6.8085090301947275
-321.8926286344604
-3.85035923030955
-115.90284282883113
4.560843657955047
-38.77911356124514
-241.5218520056992
-702.1587300857823
470.4619375435568
-41.939784774819145
-25.53978568714456
541.5545391548212
-118.4034996062228
46.24233989765253
-332.959789319395
-33.6148234777811
134.52542688059066
-153.1632658026242
267.87960034550815
-26.153439157608773
325.7042434737432
-29.52707543843917
-30.720582254354667
170.54113824643628
20.438834466202024
-5.317520684304327
-121.4331529100964
-102.8845662936883
76.19953223252924
13.028218042270964
50.61544569273519
187.3585034180478
165.1213715754884
12.190915316380597
29.99772083216976
597.3954444260398
174.5303226694632
175.23236474121677
-168.22225806615916
4.220552966641662
-182.549586777679
-101.93664460742093
85.58062513637469
280.36853758036705
33.69194734726625
-19.139319212272312
-81.56614918925152
-437.2772266098136
182.86413519155576
103.89415671416918
-126.31906159285882
-6.403266644443647
398.53429100543417
-16.79593019191816
321.175350253553
286.7570796613054
304.8714805509435
117.6673421421392
114.76596859337405
-10.325972667306814
-457.19097951744425
59.72194837182178
