637.197228,621.372990
624.582266,601.227000
603.462994,555.926000
557.222007,578.523740
579.240921,570.338750
565.563107,574.873750
569.403492,588.516250
585.920514,589.661250
590.119775,586.715000
587.682374,585.238750
589.380157,594.816250
598.011930,581.962500
582.682934,584.873750
586.461035,581.650000
582.619384,571.962500
572.276664,567.607490
568.103728,575.541250
576.221687,572.372490
571.098829,573.016250
572.717005,573.080000
574.060751,581.353750
582.349161,579.667500
579.828579,585.507500
586.767151,577.987490
579.330408,574.582500
576.663469,575.062500
576.571054,575.342500
575.901957,568.788750
568.543902,574.497490
575.164927,571.941250
572.010964,573.781250
574.029457,572.960000
573.598783,570.100000
571.309765,572.521250
573.478393,596.453750
596.782136,606.052500
604.378131,604.465000
604.625971,609.432500
612.968356,613.674990
617.436252,623.600000
625.315926,620.598750
621.662406,622.033750
623.935877,604.827500
606.720534,607.036250
609.528229,606.885000
607.242402,606.897500
606.068283,605.521250
604.708562,606.046250
606.706526,605.080000
605.609589,609.372490
610.251091,606.717500
607.453712,595.933750
597.293463,596.225000
598.235037,595.017500
595.901456,602.407500
601.871619,601.368750
600.517852,598.907500
599.470632,605.017500
606.301084,602.885000
603.926650,603.581240
604.574544,604.521250
605.830587,610.583750
611.544571,613.237490
613.358312,611.888740
612.683326,609.495000
611.074657,608.125000
609.928153,610.570000
611.656683,610.233750
610.599641,617.445000
617.719453,614.596250
614.782715,615.916250
617.015993,618.327500
619.673471,637.216240
638.034776,637.736250
637.100273,635.883750
637.290300,638.975000
641.990575,638.605000
641.104517,636.635000
637.794985,637.016250
638.362503,634.605000
635.438646,626.368750
626.982296,629.612490
630.681366,630.618750
630.783837,650.895000
650.152350,647.693750
646.498372,652.235000
653.725087,657.056250
659.647323,684.377500
686.431571,684.297500
683.809027,700.135000
702.252001,704.910000
707.687548,693.896250
697.330410,708.955000
712.517813,725.692500
727.360002,741.848750
740.496971,701.218750
702.024215,702.175000
708.912106,705.478750
708.963274,705.471250
704.126322,706.133750
703.863630,728.361250
728.441984,719.252500
717.911109,714.571250
716.585167,715.772500
719.876006,694.721250
697.582747,704.621250
706.380785,711.396250
711.190155,710.927500
708.954358,745.926250
744.728279,738.665000
738.173062,748.807500
751.074340,752.552500
756.769138,730.365000
734.851622,734.840000
738.618917,745.978750
747.885142,739.818750
737.976402,730.312500
729.910091,737.402500
739.688745,727.445000
728.000877,731.900000
732.477993,731.126250
731.918625,731.640000
732.346308,744.102500
744.283074,766.592500
766.582645,769.915000
769.204596,764.357500
766.854561,760.100000
765.303199,754.826250
759.110777,758.353750
760.137270,763.236250
763.188038,766.872500
766.029532,773.282500
773.022823,765.952500
767.006587,769.827500
772.287811,774.386250
776.363869,778.356250
779.339110,776.982500
777.751499,776.415000
778.352603,786.972500
788.529676,789.246250
789.711074,791.000000
791.890980,789.232500
791.212495,805.796250
807.903228,842.638750
842.243549,910.932500
908.065435,910.247500
907.876131,870.131250
877.954044,905.456250
920.595485,900.366250
906.438315,948.898750
947.678742,971.645000
968.306717,954.843750
955.847415,952.455000
957.945662,964.325000
972.649150,1009.973750
1011.357668,1028.333750
1025.045442,1047.099990
1047.877460,1140.385000
1144.132929,985.938750
989.847292,837.836250
855.704644,923.523750
946.631400,889.338750
877.794337,905.226250
885.177693,910.606250
901.232462,772.661250
776.711892,784.893750
794.447123,820.688750
822.519317,821.196250
811.244466,830.740000
820.582335,848.581250
850.674538,890.293750
891.164950,888.062500
888.285654,896.163750
903.369184,920.588750
927.730903,934.777500
938.615033,920.365000
922.486907,912.212500
918.112229,898.550000
903.326449,901.050000
903.199810,912.843750
911.245734,919.795000
917.376786,920.828750
919.545859,916.911250
919.010351,921.351250
924.871104,973.065000
974.471054,982.827500
979.920614,1020.090000
1021.126768,1011.215000
1014.644897,1029.401240
1038.554816,1019.312500
1024.605577,1029.408750
1036.250828,1067.708750
1068.352175,1072.205000
1070.909724,974.958750
977.728640,997.227500
1010.336737,1004.713750
1006.082266,1004.853750
999.178928,994.580000
989.112651,1003.590000
1006.726617,1018.411250
1017.758468,1038.866250
1038.790553,1058.315000
1058.904591,1052.843750
1056.095719,1046.662490
1052.826501,1079.582500
1085.586621,1112.863750
1112.830687,1122.515000
1120.764179,1193.501000
1195.294171,1182.429000
1183.985506,1139.848000
1149.270544,1189.366000
1202.363072,1189.946990
1193.775113,1193.611000
1192.410259,1221.050000
1221.645085,1269.776000
1271.135400,1285.376000
1282.267717,1260.668000
1266.074782,1273.246990
1285.258328,1280.304990
1287.783903,1206.357000
1210.463561,1153.060000
1161.987975,1200.557000
1205.734873,1147.625000
1138.982479,1186.351000
1180.908354,1235.553000
1228.438568,1242.806000
1239.021155,1245.892000
1246.789389,1247.670990
1259.474289,1126.081990
1136.949535,1062.070000
1078.059871,1000.245990
1007.414772,1036.226000
1033.062324,1065.481000
1045.946746,1091.333000
1076.835585,1036.099000
1030.693323,1013.844000
1025.249297,921.808000
931.659735,962.508000
973.023079,968.293000
961.113048,1035.321990
1025.680728,1011.969000
1000.443026,1041.374000
1046.799896,1048.862990
1052.873678,1077.557000
1084.906579,1082.370000
1084.495632,1140.037000
1145.484318,1148.092000
1147.498768,1139.860000
1144.431250,1150.685000
1157.962216,1177.284000
1183.694529,1196.896000
1196.626826,1187.032990
1188.242592,1213.801000
1218.722459,1206.740000
1209.703056,1226.896000
1230.387057,1216.269000
1218.488259,1187.136000
1192.468558,1186.108990
1191.294871,1189.550000
1192.208120,1184.200000
1182.676356,1211.737990
1210.623747,1218.666000
1217.272536,1227.981000
1228.665153,1261.702000
1264.266972,1255.251250
1258.289899,1232.757500
1238.227773,1243.430000
1251.451383,1251.577500
1255.222430,1269.696250
1268.694178,1289.747500
1288.491596,1335.825000
1336.014714,1319.700000
1319.817920,1311.588740
1319.192388,1370.790000
1379.005520,1416.610000
1416.598478,1448.886250
1445.805082,1506.772500
1510.046756,1543.310000
1549.265217,1536.152500
1543.774855,1554.602500
1567.558123,1564.065000
1574.677568,1644.728750
1648.949263,1695.831250
1691.597222,1748.353750
1748.124195,1774.520000
1779.449961,1634.607500
1649.176625,1774.805000
1798.524528,1747.043750
1746.536465,1665.032500
1666.073657,1744.441250
1750.087188,1796.896250
1798.167315,1913.138750
1898.771204,1983.978750
1975.602576,2074.696250
2084.115963,2114.988750
2127.275947,2196.668740
2219.106398,2348.552490
2364.504333,2581.853750
2587.770534,2460.953750
2462.757909,2232.287500
2270.807466,2234.833740
2286.639764,2195.785000
2209.842944,2315.736250
2297.277602,2170.981240
2145.762527,2402.125000
2403.142601,2477.172500
2457.775243,2475.297500
2475.860858,2526.311250
2541.429407,2605.125000
2638.241264,2855.030000
2862.512766,2900.852500
2896.222065,2737.902500
2757.128532,2826.038750
2870.564225,2846.006250
2868.890547,2910.336250
2909.045786,3007.012500
2999.340052,2697.077500
2706.096224,2780.182500
2811.832057,2518.548750
2531.854106,2438.617490
2454.008276,2520.783750
2508.824403,2680.102500
2658.704394,2611.679990
2571.348091,2667.547500
2674.242988,2805.097500
2822.081698,2702.003750
2713.396334,2763.291250
2783.735639,2740.592500
2761.687565,2598.158750
2613.215066,2630.594990
2642.095452,2513.429990
2518.974995,2556.167500
2555.582986,2591.267500
2578.675857,2547.322500
2542.992015,2479.054990
2480.447694,2424.698750
2441.438186,2513.741250
2522.125831,2640.061250
2628.398252,2588.678750
2576.292114,2634.173750
2644.393526,2598.570000
2616.376878,2514.362500
2533.679976,2586.042500
2599.133841,2524.126240
2527.334174,2352.265000
2355.991988,2292.913750
2306.510847,2437.553750
2441.731061,2337.678750
2314.067318,2109.373750
2108.766588,2045.572500
2069.436728,1986.942500
1997.117901,2189.239990
2171.222599,2354.892500
2312.564351,2349.355000
2327.169757,2740.568750
2749.931370,2738.775000
2750.454296,2831.678750
2870.273245,2772.367500
2810.948484,2768.802500
2823.933755,2540.208740
2555.312482,2570.195000
2594.938972,2699.721250
2688.607208,2719.690000
2693.933743,2714.703750
2697.055576,2718.617500
2732.160907,2867.653750
2882.676204,2739.708750
2742.177865,2740.071250
2761.826090,2811.710000
2826.957075,3123.411250
3123.096736,3254.710000
3223.060167,3274.637500
3279.710300,3474.762500
3509.319435,3416.185000
3450.224705,3364.411250
3398.002418,3451.852500
3483.424658,3705.430000
3716.778231,4104.015000
4075.375759,4036.757500
4015.806204,4462.676250
4504.531370,4118.902500
4153.025124,4322.421250
4396.582539,4311.685000
4337.021938,4180.238750
4211.959149,4139.381250
4140.927836,4110.941250
4132.943118,3911.276250
3908.645810,4162.792490
4166.684754,4178.756250
4160.169773,4396.031250
4385.886933,4359.902500
4354.437850,4381.396250
4419.907667,4340.460000
4368.180828,4442.657500
4476.586511,4664.643750
4667.039928,4676.142500
4672.207390,4783.170000
4793.424309,4864.285000
4888.896052,4672.568750
4700.909352,4593.182500
4629.470590,4160.535000
4194.005718,4517.570000
4545.745528,4543.102500
4504.248074,4628.602500
4598.379375,4280.975000
4273.863653,4194.218750
4252.333272,4307.826250
4329.137798,4295.761240
4291.077059,3944.583750
3933.611743,3817.057500
3846.836070,3358.108750
3379.233208,3772.683750
3779.337160,3608.595000
3561.652657,3764.617500
