1120.764179,1193.501000
1195.294171,1182.429000
1183.985506,1139.848000
1149.270544,1189.366000
1202.363072,1189.946990
1193.775113,1193.611000
1192.410259,1221.050000
1221.645085,1269.776000
1271.135400,1285.376000
1282.267717,1260.668000
1266.074782,1273.246990
1285.258328,1280.304990
1287.783903,1206.357000
1210.463561,1153.060000
1161.987975,1200.557000
1205.734873,1147.625000
1138.982479,1186.351000
1180.908354,1235.553000
1228.438568,1242.806000
1239.021155,1245.892000
1246.789389,1247.670990
1259.474289,1126.081990
1136.949535,1062.070000
1078.059871,1000.245990
1007.414772,1036.226000
1033.062324,1065.481000
1045.946746,1091.333000
1076.835585,1036.099000
1030.693323,1013.844000
1025.249297,921.808000
931.659735,962.508000
973.023079,968.293000
961.113048,1035.321990
1025.680728,1011.969000
1000.443026,1041.374000
1046.799896,1048.862990
1052.873678,1077.557000
1084.906579,1082.370000
1084.495632,1140.037000
1145.484318,1148.092000
1147.498768,1139.860000
1144.431250,1150.685000
1157.962216,1177.284000
1183.694529,1196.896000
1196.626826,1187.032990
1188.242592,1213.801000
1218.722459,1206.740000
1209.703056,1226.896000
1230.387057,1216.269000
1218.488259,1187.136000
1192.468558,1186.108990
1191.294871,1189.550000
1192.208120,1184.200000
1182.676356,1211.737990
1210.623747,1218.666000
1217.272536,1227.981000
1228.665153,1261.702000
1264.266972,1255.251250
1258.289899,1232.757500
1238.227773,1243.430000
1251.451383,1251.577500
1255.222430,1269.696250
1268.694178,1289.747500
1288.491596,1335.825000
1336.014714,1319.700000
1319.817920,1311.588740
1319.192388,1370.790000
1379.005520,1416.610000
1416.598478,1448.886250
1445.805082,1506.772500
1510.046756,1543.310000
1549.265217,1536.152500
1543.774855,1554.602500
1567.558123,1564.065000
1574.677568,1644.728750
1648.949263,1695.831250
1691.597222,1748.353750
1748.124195,1774.520000
1779.449961,1634.607500
1649.176625,1774.805000
1798.524528,1747.043750
1746.536465,1665.032500
1666.073657,1744.441250
1750.087188,1796.896250
1798.167315,1913.138750
1898.771204,1983.978750
1975.602576,2074.696250
2084.115963,2114.988750
2127.275947,2196.668740
2219.106398,2348.552490
2364.504333,2581.853750
2587.770534,2460.953750
2462.757909,2232.287500
2270.807466,2234.833740
2286.639764,2195.785000
2209.842944,2315.736250
2297.277602,2170.981240
2145.762527,2402.125000
2403.142601,2477.172500
2457.775243,2475.297500
2475.860858,2526.311250
2541.429407,2605.125000
2638.241264,2855.030000
2862.512766,2900.852500
2896.222065,2737.902500
2757.128532,2826.038750
2870.564225,2846.006250
2868.890547,2910.336250
2909.045786,3007.012500
2999.340052,2697.077500
2706.096224,2780.182500
2811.832057,2518.548750
2531.854106,2438.617490
2454.008276,2520.783750
2508.824403,2680.102500
2658.704394,2611.679990
2571.348091,2667.547500
2674.242988,2805.097500
2822.081698,2702.003750
2713.396334,2763.291250
2783.735639,2740.592500
2761.687565,2598.158750
2613.215066,2630.594990
2642.095452,2513.429990
2518.974995,2556.167500
2555.582986,2591.267500
2578.675857,2547.322500
2542.992015,2479.054990
2480.447694,2424.698750
2441.438186,2513.741250
2522.125831,2640.061250
2628.398252,2588.678750
2576.292114,2634.173750
2644.393526,2598.570000
2616.376878,2514.362500
2533.679976,2586.042500
2599.133841,2524.126240
2527.334174,2352.265000
2355.991988,2292.913750
2306.510847,2437.553750
2441.731061,2337.678750
2314.067318,2109.373750
2108.766588,2045.572500
2069.436728,1986.942500
1997.117901,2189.239990
2171.222599,2354.892500
2312.564351,2349.355000
2327.169757,2740.568750
2749.931370,2738.775000
2750.454296,2831.678750
2870.273245,2772.367500
2810.948484,2768.802500
2823.933755,2540.208740
2555.312482,2570.195000
2594.938972,2699.721250
2688.607208,2719.690000
2693.933743,2714.703750
2697.055576,2718.617500
2732.160907,2867.653750
2882.676204,2739.708750
2742.177865,2740.071250
2761.826090,2811.710000
2826.957075,3123.411250
3123.096736,3254.710000
3223.060167,3274.637500
3279.710300,3474.762500
3509.319435,3416.185000
3450.224705,3364.411250
3398.002418,3451.852500
3483.424658,3705.430000
3716.778231,4104.015000
4075.375759,4036.757500
4015.806204,4462.676250
4504.531370,4118.902500
4153.025124,4322.421250
4396.582539,4311.685000
4337.021938,4180.238750
4211.959149,4139.381250
4140.927836,4110.941250
4132.943118,3911.276250
3908.645810,4162.792490
4166.684754,4178.756250
4160.169773,4396.031250
4385.886933,4359.902500
4354.437850,4381.396250
4419.907667,4340.460000
4368.180828,4442.657500
4476.586511,4664.643750
4667.039928,4676.142500
4672.207390,4783.170000
4793.424309,4864.285000
4888.896052,4672.568750
4700.909352,4593.182500
4629.470590,4160.535000
4194.005718,4517.570000
4545.745528,4543.102500
4504.248074,4628.602500
4598.379375,4280.975000
4273.863653,4194.218750
4252.333272,4307.826250
4329.137798,4295.761240
4291.077059,3944.583750
3933.611743,3817.057500
3846.836070,3358.108750
3379.233208,3772.683750
3779.337160,3608.595000
3561.652657,3764.617500
3732.780573,3976.387500
3951.994243,3863.186250
3884.226538,3827.685000
3843.779449,3690.991250
3738.775992,3612.162500
3645.247440,3772.847500
3775.445403,3753.435000
3740.157587,3920.991250
3905.698512,3939.515000
3934.610023,4220.280000
4232.556226,4062.203750
4070.005649,4207.825000
4243.704826,4300.551250
4324.290594,4414.177500
4433.112669,4424.472500
4425.234405,4307.555000
4337.124466,4186.783740
4217.189456,4325.236250
4348.628616,4370.168750
4365.247584,4446.172490
4433.587105,4624.348750
4620.655451,4789.301250
4797.403102,4741.708750
4752.871085,4858.604990
4892.668315,5728.547500
5750.532684,5666.978750
5644.453915,5779.073750
5802.114412,5607.010000
5689.714801,5643.553750
5739.388001,5495.038750
5519.129047,5627.086250
5650.347169,5686.526250
5675.228590,6098.115000
6080.295633,5949.078750
5931.114556,5969.795000
6003.501693,5649.005000
5700.632712,5550.858750
5611.088915,5776.878750
5789.461493,5923.706250
5905.569965,5737.102500
5709.690983,5741.722500
5763.984737,6151.325000
6180.368613,6130.563750
6124.093636,6424.515000
6424.302775,6879.365000
6902.308954,7199.237500
7218.338842,7210.468750
7232.743846,7376.742500
7457.991678,7231.930000
7308.846527,7123.893750
7182.463758,7356.506250
7392.555688,7342.823750
7350.056054,7250.770000
7245.230472,6773.695000
6804.031887,6075.301250
6135.645894,5969.130000
6015.334852,6666.271250
6645.196684,6867.426250
6752.200327,7259.300000
7177.428714,7924.182500
7939.688890,7598.277500
7655.712957,7787.456250
7879.080044,7954.767500
8060.375213,7879.060000
7936.764514,8150.632500
8161.390190,8208.753750
8233.932407,8094.445000
8111.263366,8190.871250
8219.238211,8851.305000
8881.808322,9573.967500
9546.024206,9713.096250
9691.876841,10295.622500
10364.079593,10542.662500
10645.720292,9706.103750
9800.677477,10923.201250
11046.836303,10973.543750
10999.503894,11382.208750
11368.556181,11597.231250
11598.888082,12230.365000
12339.236471,13734.520000
13739.638092,16403.421250
16413.509521,15732.100000
15731.380784,13152.528750
13379.637092,16299.297500
16809.493134,16374.897500
16388.880279,16678.287490
16539.943681,16246.138750
16262.602855,17221.651250
17498.695926,17436.597500
17418.319976,19166.978740
19203.065595,18640.262500
18656.745857,18984.767500
19161.654219,16862.571250
17061.335650,16925.017500
17192.521326,14182.464990
14278.466774,14694.582500
14753.667431,14103.218750
14010.241632,13387.348750
13278.384709,14652.367500
14526.782978,15846.073750
15765.217570,14362.403750
14296.962559,14867.572500
15037.383833,13643.695000
13852.758361,13062.145000
13178.816083,13439.417500
13460.277027,13337.621250
13314.909619,14881.545000
14749.455515,15104.450000
15021.645017,14953.852500
15000.365339,16576.696250
16688.846507,16735.106250
16846.082200,15632.411250
15738.536889,15242.936250
15443.940087,14122.825000
14299.918166,13269.597500
13332.496233,13633.363750
13625.177431,14165.906250
14082.304018,14217.362500
14104.905114,13519.926250
13527.336171,12915.116250
13038.531472,10870.168750
10992.214597,11340.650000
11444.584020,11137.368750
11097.457424,11742.941250
11637.975644,12486.066250
12360.085349,11508.620000
11530.835202,10872.902500
10966.664443,10830.927500
10968.006537,11629.375000
11666.302457,11524.345000
11444.584120,11005.615000
11006.361292,11452.230000
11521.687271,11412.793750
11459.030554,10917.151250
10936.547061,9914.472500
9982.801263,9970.308750
10068.047930,8715.594990
8737.162130,8285.501240
8305.509933,9192.045000
9166.245771,8136.390000
8079.450108,6332.370000
6347.125705,7270.507500
7385.798155,7987.281250
7878.646804,8086.772500
7904.388684,8930.138750
8884.428300,8045.440000
8118.355857,8478.924990
8609.722668,8766.852500
8814.399091,8693.252500
8734.908165,9659.287500
9633.896123,10110.838750
10095.828933,10474.771250
10485.839857,10855.937500
10904.950782,10537.006250
10648.403737,11416.038750
11514.961231,10928.020000
10964.033658,10727.952500
10817.286924,9809.721250
9875.981635,10412.368750
10502.665700,9585.285000
9551.011836,9627.716250
9650.430938,10272.902500
10229.288934,10903.018750
10862.228118,10352.046250
10314.335629,11100.292500
11191.145928,11305.122500
11351.938569,11171.817500
11227.670472,11558.475000
11605.646204,11246.747500
11318.120892,10735.886250
10804.189704,9552.758750
9637.834302,8980.192490
9073.644779,9251.292500
9250.019649,8680.607500
8616.978462,9433.473740
9379.400881,9047.512500
8998.425345,9260.708750
9292.442041,7895.988750
7943.916420,8039.602500
8155.560455,8206.555000
8200.026736,7667.990000
7652.075434,8189.491250
8152.757188,8597.337500
8574.925040,9028.297500
8998.571361,9023.717500
9024.475840,8411.652500
8506.058896,8881.986250
8975.386980,8548.812500
8581.052679,8429.331240
8457.251881,7854.637500
7878.047669,7863.255000
7913.073668,7866.360000
7852.972831,6861.325000
6875.803095,6970.363750
7002.501490,6926.875000
6923.605909,6986.835000
6961.904049,7182.120000
7138.119330,7295.890000
7301.015506,6769.483750
6795.256045,6766.592500
6825.783629,6854.921250
6882.867647,6964.432500
6961.706868,7125.538750
7102.672716,6789.267500
6807.511892,6824.493750
6864.319203,6941.638750
